# Created by Octave 4.4.1, Tue Apr 14 22:25:47 2020 CEST <cnceo@CC-TP-T460>
# name: bImages
# type: uint8 matrix
# ndims: 3
 16 16 6
 40
 54
 53
 54
 53
 54
 53
 54
 53
 54
 53
 54
 53
 54
 53
 54
 25
 53
 41
 53
 41
 53
 41
 53
 41
 53
 41
 53
 41
 53
 41
 53
 41
 54
 53
 54
 53
 54
 53
 54
 53
 54
 53
 54
 53
 54
 53
 54
 25
 53
 41
 53
 41
 53
 41
 53
 41
 53
 41
 53
 41
 53
 41
 53
 41
 54
 53
 54
 53
 54
 53
 54
 53
 54
 53
 54
 53
 54
 53
 54
 25
 53
 41
 53
 41
 53
 41
 53
 41
 53
 41
 53
 41
 53
 41
 53
 41
 54
 53
 54
 53
 54
 53
 54
 53
 54
 53
 54
 53
 54
 53
 54
 25
 53
 41
 53
 41
 53
 41
 53
 41
 53
 41
 53
 41
 53
 41
 53
 41
 54
 53
 54
 53
 54
 53
 54
 53
 54
 53
 54
 53
 54
 53
 54
 25
 53
 41
 53
 41
 53
 41
 53
 41
 53
 41
 53
 41
 53
 41
 53
 41
 54
 53
 54
 53
 54
 53
 54
 53
 54
 53
 54
 53
 54
 53
 54
 25
 53
 41
 53
 41
 53
 41
 53
 41
 53
 41
 53
 41
 53
 41
 53
 41
 54
 53
 54
 53
 54
 53
 54
 53
 54
 53
 54
 53
 54
 53
 54
 25
 53
 41
 53
 41
 53
 41
 53
 41
 53
 41
 53
 41
 53
 41
 53
 41
 54
 53
 54
 53
 54
 53
 54
 53
 54
 53
 54
 53
 54
 53
 54
 24
 41
 25
 41
 25
 41
 25
 41
 25
 41
 25
 41
 25
 41
 25
 41
 187
 187
 187
 187
 187
 42
 26
 26
 26
 26
 42
 187
 187
 187
 187
 187
 187
 187
 187
 42
 26
 42
 42
 42
 42
 42
 42
 26
 42
 187
 187
 187
 187
 187
 42
 26
 42
 42
 26
 26
 26
 26
 26
 42
 26
 26
 187
 187
 187
 42
 26
 42
 42
 26
 42
 26
 26
 26
 26
 26
 42
 26
 42
 187
 187
 26
 42
 42
 42
 42
 55
 42
 42
 26
 26
 15
 26
 42
 26
 187
 42
 42
 42
 42
 55
 64
 74
 55
 55
 42
 26
 15
 15
 26
 26
 26
 26
 42
 26
 26
 55
 74
 74
 64
 42
 26
 26
 15
 15
 26
 42
 15
 26
 42
 26
 26
 55
 55
 64
 55
 42
 26
 15
 10
 10
 26
 42
 15
 26
 42
 26
 26
 42
 42
 42
 42
 55
 26
 15
 10
 10
 26
 42
 15
 26
 42
 26
 26
 26
 26
 26
 26
 26
 26
 15
 10
 10
 26
 42
 15
 42
 42
 42
 15
 15
 26
 26
 15
 10
 10
 10
 10
 15
 26
 26
 26
 187
 26
 42
 26
 15
 15
 15
 10
 10
 10
 10
 15
 26
 42
 26
 187
 187
 42
 26
 42
 26
 15
 15
 15
 15
 15
 15
 26
 42
 26
 26
 187
 187
 187
 26
 26
 42
 26
 26
 26
 26
 26
 26
 42
 26
 26
 187
 187
 187
 187
 187
 42
 26
 26
 42
 42
 42
 42
 26
 26
 26
 187
 187
 187
 187
 187
 187
 187
 187
 26
 15
 15
 15
 15
 26
 187
 187
 187
 187
 187
 187
 187
 187
 187
 187
 56
 29
 16
 16
 18
 44
 187
 187
 187
 187
 187
 187
 187
 187
 56
 18
 19
 19
 19
 19
 19
 19
 12
 44
 187
 187
 187
 187
 187
 45
 19
 30
 19
 19
 14
 14
 14
 19
 19
 19
 29
 187
 187
 187
 56
 19
 30
 19
 14
 30
 14
 14
 9
 9
 17
 27
 19
 43
 187
 187
 16
 30
 19
 36
 33
 66
 30
 48
 19
 14
 9
 13
 19
 12
 187
 56
 19
 30
 33
 57
 66
 103
 57
 57
 30
 9
 5
 5
 17
 19
 29
 29
 19
 19
 19
 46
 103
 116
 76
 30
 19
 13
 8
 4
 13
 19
 12
 18
 19
 14
 14
 46
 66
 66
 66
 19
 14
 8
 3
 3
 9
 17
 11
 16
 19
 14
 21
 48
 30
 30
 33
 60
 19
 3
 0
 1
 9
 17
 11
 29
 19
 14
 14
 14
 14
 14
 14
 14
 12
 7
 0
 1
 13
 19
 12
 44
 19
 19
 9
 9
 9
 9
 9
 2
 6
 6
 1
 4
 17
 19
 29
 187
 12
 19
 14
 5
 5
 3
 3
 0
 0
 1
 4
 13
 19
 12
 187
 187
 44
 19
 19
 13
 4
 4
 4
 4
 4
 4
 13
 17
 19
 29
 187
 187
 187
 29
 19
 19
 17
 13
 9
 9
 13
 17
 19
 19
 16
 187
 187
 187
 187
 187
 44
 12
 19
 19
 17
 17
 19
 19
 12
 29
 187
 187
 187
 187
 187
 187
 187
 187
 28
 12
 11
 11
 12
 29
 187
 187
 187
 187
 187
 187
 187
 187
 187
 187
 65
 61
 47
 47
 49
 65
 187
 187
 187
 187
 187
 187
 187
 187
 75
 49
 62
 51
 51
 51
 51
 51
 49
 65
 187
 187
 187
 187
 187
 67
 51
 63
 51
 51
 38
 38
 50
 51
 51
 51
 61
 187
 187
 187
 75
 51
 52
 51
 50
 63
 50
 50
 38
 38
 51
 51
 51
 65
 187
 187
 49
 63
 51
 68
 63
 78
 63
 69
 51
 50
 37
 38
 51
 35
 187
 65
 62
 63
 63
 69
 79
 105
 70
 69
 62
 38
 37
 37
 39
 51
 61
 61
 51
 51
 51
 69
 104
 105
 80
 63
 51
 37
 35
 34
 38
 51
 47
 49
 51
 38
 50
 69
 79
 79
 70
 51
 50
 35
 31
 22
 38
 39
 35
 47
 51
 38
 62
 69
 51
 51
 63
 77
 51
 31
 20
 20
 38
 39
 35
 61
 51
 50
 38
 50
 50
 50
 50
 50
 49
 32
 20
 20
 38
 51
 35
 65
 51
 51
 37
 37
 37
 37
 37
 31
 31
 20
 20
 22
 39
 51
 58
 187
 49
 51
 51
 37
 37
 34
 31
 20
 20
 20
 22
 38
 51
 35
 187
 187
 65
 51
 51
 38
 37
 22
 22
 22
 22
 23
 38
 51
 51
 58
 187
 187
 187
 61
 51
 51
 39
 38
 38
 38
 38
 39
 51
 51
 47
 187
 187
 187
 187
 187
 65
 47
 51
 51
 39
 39
 51
 51
 35
 58
 187
 187
 187
 187
 187
 187
 187
 187
 59
 47
 35
 35
 47
 58
 187
 187
 187
 187
 187
 187
 187
 187
 187
 187
 140
 164
 163
 163
 163
 139
 187
 187
 187
 187
 187
 187
 187
 187
 140
 163
 211
 211
 215
 215
 215
 211
 162
 139
 187
 187
 187
 187
 187
 167
 211
 216
 215
 211
 205
 205
 210
 215
 215
 211
 166
 187
 187
 187
 140
 211
 216
 211
 210
 216
 210
 205
 204
 204
 215
 216
 211
 139
 187
 187
 165
 216
 211
 212
 216
 224
 216
 217
 211
 210
 204
 210
 215
 162
 187
 140
 211
 216
 212
 220
 224
 227
 220
 220
 212
 204
 203
 203
 215
 211
 166
 164
 215
 211
 211
 219
 227
 228
 225
 216
 211
 205
 161
 203
 210
 215
 162
 163
 215
 205
 210
 219
 224
 224
 221
 215
 205
 159
 158
 160
 209
 215
 162
 163
 215
 205
 206
 217
 216
 216
 216
 218
 211
 158
 134
 158
 209
 215
 162
 164
 215
 210
 205
 205
 205
 210
 205
 205
 162
 135
 134
 160
 210
 215
 162
 139
 211
 215
 204
 204
 204
 204
 204
 134
 135
 135
 160
 203
 215
 211
 166
 187
 162
 215
 210
 203
 203
 158
 158
 134
 134
 158
 203
 210
 215
 162
 187
 187
 139
 211
 215
 210
 203
 203
 203
 203
 203
 203
 214
 215
 211
 166
 187
 187
 187
 166
 211
 215
 215
 210
 209
 209
 210
 215
 215
 211
 163
 187
 187
 187
 187
 187
 139
 162
 211
 215
 215
 215
 215
 211
 162
 166
 187
 187
 187
 187
 187
 187
 187
 187
 138
 162
 162
 162
 162
 166
 187
 187
 187
 187
 187
 187
 187
 187
 187
 187
 93
 90
 87
 87
 87
 91
 187
 187
 187
 187
 187
 187
 187
 187
 93
 87
 97
 97
 107
 107
 97
 97
 85
 91
 187
 187
 187
 187
 187
 92
 97
 108
 107
 97
 96
 86
 96
 107
 107
 97
 90
 187
 187
 187
 93
 97
 108
 97
 96
 98
 96
 86
 84
 84
 107
 108
 97
 91
 187
 187
 87
 108
 97
 98
 108
 118
 108
 99
 97
 96
 84
 96
 107
 85
 187
 93
 97
 108
 98
 117
 118
 141
 110
 110
 98
 84
 82
 82
 107
 97
 90
 90
 97
 97
 97
 109
 141
 142
 119
 108
 97
 86
 83
 82
 96
 107
 85
 87
 107
 86
 96
 109
 118
 118
 118
 97
 86
 83
 81
 81
 95
 107
 85
 87
 107
 86
 88
 99
 108
 108
 108
 100
 88
 72
 71
 81
 95
 107
 85
 90
 97
 96
 86
 86
 96
 96
 86
 86
 85
 73
 71
 81
 96
 107
 85
 91
 97
 107
 84
 84
 84
 84
 84
 71
 73
 73
 81
 94
 107
 97
 90
 187
 85
 107
 96
 82
 82
 81
 72
 71
 71
 81
 94
 106
 107
 85
 187
 187
 91
 97
 107
 96
 82
 82
 82
 82
 82
 94
 106
 107
 97
 90
 187
 187
 187
 90
 97
 107
 107
 96
 95
 95
 96
 107
 107
 97
 87
 187
 187
 187
 187
 187
 91
 85
 97
 107
 107
 107
 107
 97
 85
 90
 187
 187
 187
 187
 187
 187
 187
 187
 89
 85
 85
 85
 85
 90
 187
 187
 187
 187
 187


